[
[10
[10, 1
[1, 10
[1, 10, 10
[1, 10, 10, 1
[1, 10, 0
[1, 10
[1, 10, 10
[1, 10, 10, -1
[1, 10, 9
[9, 1, 10
[9, 10
[9, 10, 0
[9, 10
[10, 9
[10, 9, 9
[10, 9, 9, 1
[10, 9, 0
[10, 9
[10, 9, 9
[10, 9, 9, -1
[10, 9, 8
[8, 10, 9
[8, 90
[8, 90, 0
[8, 90
[90, 8
[90, 8, 8
[90, 8, 8, 1
[90, 8, 0
[90, 8
[90, 8, 8
[90, 8, 8, -1
[90, 8, 7
[7, 90, 8
[7, 720
[7, 720, 0
[7, 720
[720, 7
[720, 7, 7
[720, 7, 7, 1
[720, 7, 0
[720, 7
[720, 7, 7
[720, 7, 7, -1
[720, 7, 6
[6, 720, 7
[6, 5040
[6, 5040, 0
[6, 5040
[5040, 6
[5040, 6, 6
[5040, 6, 6, 1
[5040, 6, 0
[5040, 6
[5040, 6, 6
[5040, 6, 6, -1
[5040, 6, 5
[5, 5040, 6
[5, 30240
[5, 30240, 0
[5, 30240
[30240, 5
[30240, 5, 5
[30240, 5, 5, 1
[30240, 5, 0
[30240, 5
[30240, 5, 5
[30240, 5, 5, -1
[30240, 5, 4
[4, 30240, 5
[4, 151200
[4, 151200, 0
[4, 151200
[151200, 4
[151200, 4, 4
[151200, 4, 4, 1
[151200, 4, 0
[151200, 4
[151200, 4, 4
[151200, 4, 4, -1
[151200, 4, 3
[3, 151200, 4
[3, 604800
[3, 604800, 0
[3, 604800
[604800, 3
[604800, 3, 3
[604800, 3, 3, 1
[604800, 3, 0
[604800, 3
[604800, 3, 3
[604800, 3, 3, -1
[604800, 3, 2
[2, 604800, 3
[2, 1814400
[2, 1814400, 0
[2, 1814400
[1814400, 2
[1814400, 2, 2
[1814400, 2, 2, 1
[1814400, 2, 0
[1814400, 2
[1814400, 2, 2
[1814400, 2, 2, -1
[1814400, 2, 1
[1, 1814400, 2
[1, 3628800
[1, 3628800, 0
[1, 3628800
[3628800, 1
[3628800, 1, 1
[3628800, 1, 1, 1
[3628800, 1, 1
[3628800, 1
[3628800
